0 0.1 0.2 0.3 0.4 0.5 0.6 0.7 0.8 0.9 1 1.1 1.2 1.3 1.4 1.5 1.6 1.7 1.8 1.9 2 2.1 2.2 2.3 2.4 2.5 2.6 2.7 2.8 2.9 
314950 315632 315457 315376 315382 315472 315644 315903 316252 316703 317249 317922 318674 319603 320588 321763 323050 324557 326172 327865 329788 331760 333966 336174 338612 341301 343921 346775 349477 352385 
0 1 100 300 500
677988 314950 314950 314950 314950
100 200 500 1000 1500 2000 5000 6500 
461165 366342 315982 315708 315442 315194 314953 314950
0.5 0.25 0.125 0.0625 0.03125 0.015625 0.0078125 0.00390625 0.00195312 0.000976562
314950 314950 314950 314950 314950 314950 314950 314950 314964 315212
0.0025 0.00125 0.000625 0.0003125 0.00015625 7.8125e-05 3.90625e-05 1.95313e-05 9.76563e-06 4.88281e-06
304987 304695 308995 326956 348269 367829 396561 451839 524247 584689
2.5e-06 1.25e-06 6.25e-07 3.125e-07 1.5625e-07 7.8125e-08 3.90625e-08 1.95313e-08 9.76563e-09 4.88281e-09
589282 615805 638286 654910 665357 671256 674399 676020 676844 677264
3.5e-05 1.75e-05 8.75e-06 4.375e-06 2.1875e-06 1.09375e-06 5.46875e-07 2.73437e-07 1.36719e-07 6.83594e-08
5.16452e+33 1.44377e+29 3.67958e+24 7.68149e+19 1.01001e+15 3.54048e+09 354441 345435 400984 486713
0.2 0.1 0.05 0.025 0.0125 0.00625 0.003125 0.0015625 0.00078125 0.000390625
389914 390377 396979 433045 513886 590615 633487 655560 666732 672349
0.5 0.25 0.125 0.0625 0.03125 0.015625 0.0078125 0.00390625 0.00195312 0.000976562
314950 314950 314950 314950 314950 314950 314950 314950 314964 315212 
